<?xml version="1.0"?>
<opencv_storage>
<matrix type_id="opencv-matrix">
  <rows>3</rows>
  <cols>3</cols>
  <dt>d</dt>
  <data>
    -3.0143190362497263e-01 -1.1741456276597191e+01
    5.0607166640918649e+02 3.3006797318045783e-01
    -1.4228104737614091e+01 1.0666574146991165e+03
    8.7043585697676366e-04 -3.6683870098269955e-02 1.</data></matrix>
</opencv_storage>
